     0/299     4.48G      3.35      2.35         0       5.7        10       512     0.229     0.911     0.435     0.365      2.77     0.914         0
     1/299      4.5G      2.43      1.01         0      3.45         6       512     0.837     0.962      0.96     0.895      1.62     0.531         0
     2/299      4.5G      2.11     0.919         0      3.03         9       512     0.828     0.869     0.907     0.848      1.56     0.626         0
     3/299      4.5G      1.82     0.887         0       2.7         7       512     0.891     0.969     0.975     0.928      1.33     0.468         0
     4/299      4.5G      1.71     0.784         0      2.49        12       512     0.915     0.977     0.987     0.945      1.15     0.396         0
     5/299      4.5G       1.5     0.728         0      2.22         9       512     0.907     0.984     0.989     0.944      1.08     0.386         0
     6/299      4.5G      1.71     0.671         0      2.38         9       512     0.971     0.981     0.992     0.976     0.943     0.356         0
     7/299      4.5G      1.41     0.647         0      2.05         8       512     0.953     0.993     0.992     0.973     0.873     0.322         0
     8/299      4.5G       1.6     0.633         0      2.23         9       512     0.939     0.996     0.993     0.966     0.929     0.304         0
     9/299      4.5G      1.43     0.613         0      2.04         8       512     0.972     0.992     0.994     0.982     0.864     0.296         0
    10/299      4.5G      1.35     0.607         0      1.96         8       512     0.967     0.994     0.994      0.98     0.808     0.284         0
    11/299      4.5G      1.46     0.591         0      2.05        11       512     0.959     0.997     0.994     0.978     0.802     0.277         0
    12/299      4.5G      1.47     0.592         0      2.07        11       512     0.977     0.986     0.994     0.982     0.819     0.282         0
    13/299      4.5G      1.29     0.599         0      1.88        12       512      0.93     0.996     0.994     0.962     0.736     0.275         0
    14/299      4.5G      1.41     0.588         0         2        13       512     0.945     0.997     0.994     0.971     0.738     0.283         0
    15/299      4.5G       1.2     0.575         0      1.77         9       512     0.978     0.994     0.995     0.986     0.726     0.272         0
    16/299      4.5G      1.21     0.583         0       1.8        10       512     0.981     0.997     0.995     0.989     0.722     0.251         0
    17/299      4.5G       1.3      0.56         0      1.86        11       512     0.973     0.997     0.995     0.985     0.779      0.26         0
    18/299      4.5G      1.34     0.522         0      1.86         9       512     0.963     0.999     0.994      0.98     0.671      0.27         0
    19/299      4.5G      1.29     0.558         0      1.85        10       512     0.971     0.998     0.995     0.984     0.695      0.24         0
    20/299      4.5G      1.27     0.527         0       1.8        10       512     0.941     0.999     0.994      0.97     0.698     0.237         0
    21/299      4.5G      1.19     0.535         0      1.72         7       512     0.981     0.997     0.995     0.989     0.651     0.243         0
    22/299      4.5G      1.11     0.536         0      1.64        12       512     0.989     0.997     0.995     0.993     0.607     0.226         0
    23/299      4.5G      0.98     0.526         0      1.51        12       512     0.972     0.998     0.995     0.985     0.613      0.22         0
    24/299      4.5G      1.12     0.504         0      1.63         8       512      0.99     0.999     0.995     0.994     0.614     0.227         0
    25/299      4.5G      1.07     0.528         0       1.6         9       512     0.988     0.997     0.995     0.992     0.576     0.221         0
    26/299      4.5G     0.997     0.507         0       1.5         8       512     0.998     0.996     0.995     0.997     0.611     0.212         0
    27/299      4.5G      1.11     0.498         0      1.61        10       512     0.987     0.999     0.995     0.993      0.58     0.213         0
    28/299      4.5G      1.11     0.508         0      1.62        12       512     0.975     0.998     0.993     0.986     0.604     0.228         0
    29/299      4.5G      1.02     0.487         0      1.51        11       512     0.987     0.995     0.995     0.991      0.58     0.213         0
    30/299      4.5G      1.14     0.493         0      1.63         7       512     0.982     0.999     0.995     0.991     0.584     0.202         0
    31/299      4.5G      1.25     0.499         0      1.75         9       512     0.979     0.999     0.995     0.989     0.575     0.209         0
    32/299      4.5G      1.11     0.504         0      1.61         8       512     0.991     0.999     0.995     0.995     0.576     0.202         0
    33/299      4.5G      1.18      0.48         0      1.66         9       512     0.984     0.995     0.994     0.989     0.578     0.209         0
    34/299      4.5G      1.23     0.494         0      1.73        12       512     0.985     0.997     0.995     0.991      0.53       0.2         0
    35/299      4.5G      1.01      0.47         0      1.48         8       512     0.981     0.997     0.995     0.989     0.535     0.185         0
    36/299      4.5G      1.16     0.478         0      1.64        11       512     0.989     0.999     0.995     0.994     0.564     0.196         0
    37/299      4.5G      1.04      0.47         0      1.51         9       512     0.982     0.999     0.995      0.99     0.554     0.193         0
    38/299      4.5G      1.02     0.457         0      1.48        10       512     0.994     0.998     0.995     0.996     0.536     0.194         0
    39/299      4.5G      1.06     0.488         0      1.55        10       512     0.991     0.999     0.995     0.995     0.529     0.188         0
    40/299      4.5G      1.08     0.467         0      1.54         9       512     0.977     0.997     0.995     0.987     0.553     0.191         0
    41/299      4.5G     0.939     0.457         0       1.4         8       512     0.976     0.999     0.995     0.987     0.529     0.191         0
    42/299      4.5G      1.05     0.461         0      1.51        10       512     0.989     0.992     0.995     0.991     0.547       0.2         0
    43/299      4.5G      1.13     0.468         0       1.6         9       512     0.982     0.995     0.995     0.988     0.541     0.201         0
    44/299      4.5G         1     0.478         0      1.48         9       512     0.975     0.997     0.995     0.986      0.51     0.186         0
    45/299      4.5G     0.935     0.461         0       1.4         8       512     0.993     0.998     0.995     0.995     0.519     0.181         0
    46/299      4.5G      1.13     0.464         0      1.59         7       512     0.993     0.997     0.995     0.995     0.517     0.183         0
    47/299      4.5G         1     0.462         0      1.46         8       512     0.988     0.996     0.995     0.992     0.536     0.208         0
    48/299      4.5G      1.18     0.441         0      1.62        12       512     0.992     0.995     0.995     0.993     0.534     0.191         0
    49/299      4.5G     0.927     0.436         0      1.36        11       512     0.986     0.997     0.995     0.991     0.492     0.192         0
    50/299      4.5G      1.08     0.471         0      1.55        10       512     0.989     0.996     0.995     0.993     0.507      0.19         0
    51/299      4.5G      1.06      0.45         0      1.51        10       512     0.989     0.997     0.995     0.993     0.506     0.175         0
    52/299      4.5G      1.06     0.456         0      1.52        10       512     0.987     0.999     0.995     0.993     0.491     0.174         0
    53/299      4.5G      1.09     0.432         0      1.52         9       512     0.993     0.999     0.995     0.996      0.52     0.173         0
    54/299      4.5G      1.02     0.418         0      1.43        10       512     0.984     0.999     0.995     0.992     0.479     0.177         0
    55/299      4.5G      0.96     0.422         0      1.38        12       512     0.993     0.999     0.995     0.996     0.468     0.178         0
    56/299      4.5G      1.05     0.426         0      1.48         7       512      0.99     0.999     0.995     0.995     0.459     0.176         0
    57/299      4.5G      1.08     0.431         0      1.51         8       512     0.985     0.999     0.995     0.992     0.472      0.17         0
    58/299      4.5G     0.897     0.416         0      1.31        14       512     0.976     0.998     0.995     0.987     0.471     0.187         0
    59/299      4.5G      1.04     0.428         0      1.47         7       512     0.983     0.999     0.995     0.991     0.468     0.169         0
    60/299      4.5G     0.996     0.416         0      1.41         8       512     0.989     0.996     0.995     0.993     0.471     0.161         0
    61/299      4.5G      1.02     0.425         0      1.44         9       512     0.984     0.999     0.995     0.991     0.465     0.171         0
    62/299      4.5G     0.915     0.415         0      1.33         9       512     0.988     0.997     0.995     0.992      0.47     0.184         0
    63/299      4.5G         1     0.419         0      1.42        10       512     0.987     0.998     0.995     0.993     0.454     0.165         0
    64/299      4.5G     0.944     0.419         0      1.36         8       512     0.993     0.999     0.995     0.996     0.474     0.165         0
    65/299      4.5G     0.959      0.43         0      1.39         8       512      0.99     0.994     0.995     0.992     0.448     0.168         0
    66/299      4.5G      0.89     0.424         0      1.31         8       512     0.965     0.999     0.995     0.981     0.441     0.154         0
    67/299      4.5G      1.07      0.41         0      1.48         6       512     0.991     0.997     0.995     0.994     0.467     0.163         0
    68/299      4.5G     0.957     0.414         0      1.37        12       512     0.992     0.999     0.995     0.995     0.463     0.162         0
    69/299      4.5G     0.908      0.41         0      1.32         9       512     0.995     0.999     0.995     0.997     0.464     0.164         0
    70/299      4.5G     0.924     0.392         0      1.32        10       512     0.993     0.996     0.995     0.994     0.461     0.158         0
    71/299      4.5G     0.986     0.403         0      1.39         9       512     0.989     0.998     0.995     0.994     0.435     0.168         0
    72/299      4.5G         1     0.394         0       1.4         8       512     0.991     0.997     0.995     0.994     0.454     0.152         0
    73/299      4.5G      1.12     0.394         0      1.51         6       512     0.995     0.995     0.995     0.995     0.445     0.155         0
    74/299      4.5G      1.05       0.4         0      1.45        10       512     0.993     0.995     0.995     0.994     0.441     0.154         0
    75/299      4.5G      0.96     0.385         0      1.34         8       512     0.992     0.997     0.995     0.994     0.434     0.159         0
    76/299      4.5G      1.01     0.412         0      1.42        10       512     0.994     0.999     0.995     0.996     0.439     0.154         0
    77/299      4.5G     0.814      0.39         0       1.2        10       512     0.995         1     0.995     0.998     0.432      0.15         0
    78/299      4.5G     0.951      0.38         0      1.33         9       512     0.994     0.999     0.995     0.996     0.452     0.148         0
    79/299      4.5G     0.882     0.384         0      1.27        10       512     0.997     0.999     0.995     0.998     0.428     0.147         0
    80/299      4.5G     0.844     0.383         0      1.23         9       512     0.985     0.999     0.995     0.992     0.421     0.142         0
    81/299      4.5G     0.839     0.371         0      1.21         7       512      0.99     0.998     0.995     0.994     0.437     0.148         0
    82/299      4.5G     0.819     0.379         0       1.2        12       512     0.994     0.999     0.995     0.997     0.429     0.147         0
    83/299      4.5G         1     0.392         0       1.4         8       512     0.998         1     0.995     0.999     0.417     0.147         0
    84/299      4.5G     0.931     0.365         0       1.3         9       512     0.993     0.998     0.995     0.995     0.421     0.153         0
    85/299      4.5G     0.937      0.39         0      1.33        10       512     0.997         1     0.995     0.999      0.41     0.152         0
    86/299      4.5G      1.01     0.384         0      1.39        11       512      0.99     0.999     0.995     0.995     0.418     0.157         0
    87/299      4.5G     0.978     0.375         0      1.35         9       512     0.993     0.999     0.995     0.996     0.416     0.145         0
    88/299      4.5G     0.985      0.37         0      1.36         9       512     0.995     0.998     0.995     0.996     0.407     0.144         0
    89/299      4.5G     0.896     0.371         0      1.27        11       512     0.996     0.999     0.995     0.997     0.412     0.147         0
    90/299      4.5G     0.843     0.374         0      1.22         8       512     0.996     0.999     0.995     0.997     0.391     0.136         0
    91/299      4.5G      1.03     0.362         0      1.39         8       512     0.993     0.999     0.995     0.996     0.397     0.141         0
    92/299      4.5G     0.684     0.374         0      1.06        11       512     0.991         1     0.995     0.995     0.395     0.142         0
    93/299      4.5G     0.843     0.373         0      1.22        10       512     0.997     0.999     0.995     0.998      0.41     0.142         0
    94/299      4.5G     0.995     0.367         0      1.36         8       512     0.994         1     0.995     0.997     0.393     0.134         0
    95/299      4.5G     0.798     0.365         0      1.16        11       512     0.981     0.999     0.995      0.99     0.403     0.147         0
    96/299      4.5G     0.907     0.369         0      1.28        11       512      0.99         1     0.995     0.995     0.402     0.145         0
    97/299      4.5G     0.905     0.365         0      1.27         7       512     0.991     0.997     0.995     0.994     0.393     0.145         0
    98/299      4.5G     0.855     0.369         0      1.22        12       512     0.988     0.999     0.995     0.994     0.389     0.135         0
    99/299      4.5G     0.904     0.364         0      1.27        10       512     0.991     0.999     0.995     0.995     0.391     0.138         0
   100/299      4.5G      1.06     0.368         0      1.42        13       512     0.993     0.999     0.995     0.996     0.394      0.14         0
   101/299      4.5G     0.717     0.365         0      1.08         9       512     0.993     0.999     0.995     0.996     0.394     0.136         0
   102/299      4.5G     0.787     0.355         0      1.14        10       512     0.998         1     0.995     0.999      0.39     0.132         0
   103/299      4.5G     0.948     0.357         0      1.31        10       512     0.998     0.999     0.995     0.999     0.396     0.133         0
   104/299      4.5G     0.777      0.35         0      1.13         7       512     0.992         1     0.995     0.996     0.408     0.135         0
   105/299      4.5G      0.88     0.339         0      1.22         9       512     0.995     0.999     0.995     0.997     0.391     0.126         0
   106/299      4.5G      0.76      0.35         0      1.11         7       512     0.994     0.999     0.995     0.996     0.388     0.128         0
   107/299      4.5G     0.875      0.38         0      1.25        10       512     0.997     0.999     0.995     0.998     0.383     0.131         0
   108/299      4.5G     0.902     0.352         0      1.25         7       512     0.993         1     0.995     0.997     0.377     0.129         0
   109/299      4.5G      1.04     0.338         0      1.38         9       512     0.981     0.999     0.995      0.99     0.378     0.138         0
   110/299      4.5G     0.916     0.357         0      1.27        11       512     0.993     0.997     0.995     0.995     0.374     0.134         0
   111/299      4.5G     0.796     0.343         0      1.14         6       512     0.994         1     0.995     0.997     0.373     0.124         0
   112/299      4.5G     0.883     0.359         0      1.24         9       512     0.997     0.999     0.995     0.998     0.372     0.123         0
   113/299      4.5G     0.724     0.341         0      1.07         9       512     0.993     0.999     0.995     0.996     0.369     0.123         0
   114/299      4.5G     0.968     0.347         0      1.32         9       512     0.991     0.999     0.995     0.995     0.378     0.124         0
   115/299      4.5G     0.875     0.345         0      1.22        10       512     0.992     0.998     0.995     0.995     0.376     0.128         0
   116/299      4.5G      0.74     0.354         0      1.09        10       512     0.995     0.999     0.995     0.997     0.377     0.131         0
   117/299      4.5G     0.802     0.343         0      1.15         9       512     0.993     0.999     0.995     0.996     0.384     0.121         0
   118/299      4.5G     0.907     0.345         0      1.25         7       512     0.998     0.999     0.995     0.998     0.367     0.128         0
   119/299      4.5G     0.966     0.343         0      1.31         9       512     0.997     0.999     0.995     0.998      0.37      0.13         0
   120/299      4.5G     0.783      0.33         0      1.11         6       512     0.994     0.999     0.995     0.997     0.371     0.124         0
   121/299      4.5G     0.913     0.334         0      1.25        12       512     0.994     0.999     0.995     0.996     0.368     0.119         0
   122/299      4.5G     0.829      0.34         0      1.17         8       512     0.994     0.997     0.995     0.996     0.372     0.124         0
   123/299      4.5G     0.899     0.328         0      1.23         7       512     0.995     0.999     0.995     0.997     0.366     0.124         0
   124/299      4.5G     0.847     0.356         0       1.2        12       512     0.991     0.999     0.995     0.995     0.364     0.127         0
   125/299      4.5G     0.753     0.323         0      1.08         7       512     0.993     0.999     0.995     0.996     0.362     0.125         0
   126/299      4.5G     0.906      0.33         0      1.24        10       512     0.998     0.999     0.995     0.998     0.354     0.123         0
   127/299      4.5G     0.817     0.334         0      1.15        10       512     0.997     0.999     0.995     0.998     0.356     0.118         0
   128/299      4.5G     0.834     0.334         0      1.17        11       512     0.996     0.999     0.995     0.998     0.362     0.124         0
   129/299      4.5G     0.791     0.326         0      1.12         9       512     0.992     0.999     0.995     0.996     0.358     0.124         0
   130/299      4.5G     0.807     0.344         0      1.15         6       512     0.995     0.999     0.995     0.997     0.356     0.123         0
   131/299      4.5G     0.809     0.332         0      1.14         9       512     0.997     0.999     0.995     0.998     0.361     0.127         0
   132/299      4.5G     0.768     0.338         0      1.11         7       512     0.997     0.999     0.995     0.998     0.357      0.12         0
   133/299      4.5G     0.761      0.31         0      1.07         9       512     0.997     0.999     0.995     0.998     0.352     0.124         0
   134/299      4.5G     0.719     0.322         0      1.04         8       512     0.994     0.999     0.995     0.997     0.359     0.115         0
   135/299      4.5G     0.801     0.311         0      1.11         9       512     0.992     0.999     0.995     0.996     0.351     0.115         0
   136/299      4.5G     0.862      0.34         0       1.2         8       512     0.996     0.999     0.995     0.998     0.345     0.116         0
   137/299      4.5G     0.862     0.318         0      1.18         6       512     0.997     0.999     0.995     0.998     0.347     0.116         0
   138/299      4.5G     0.998     0.318         0      1.32         9       512     0.995     0.999     0.995     0.997     0.342     0.115         0
   139/299      4.5G     0.885     0.325         0      1.21         8       512     0.993     0.999     0.995     0.996      0.34      0.12         0
   140/299      4.5G         1     0.318         0      1.32        10       512     0.992     0.999     0.995     0.996     0.345     0.119         0
   141/299      4.5G     0.893     0.313         0      1.21         8       512     0.992     0.999     0.995     0.995     0.343     0.114         0
   142/299      4.5G      0.76     0.321         0      1.08         9       512     0.996     0.999     0.995     0.997     0.344      0.12         0
   143/299      4.5G     0.904     0.327         0      1.23         8       512     0.997     0.999     0.995     0.998     0.344     0.115         0
   144/299      4.5G     0.815     0.304         0      1.12        10       512     0.996     0.999     0.995     0.997     0.346     0.115         0
   145/299      4.5G     0.785     0.306         0      1.09        10       512     0.997     0.999     0.995     0.998     0.343     0.117         0
   146/299      4.5G     0.885     0.298         0      1.18         9       512     0.997     0.999     0.995     0.998     0.347     0.112         0
   147/299      4.5G     0.848     0.308         0      1.16         8       512     0.997     0.999     0.995     0.998     0.341     0.113         0
   148/299      4.5G     0.941      0.31         0      1.25        12       512     0.998     0.999     0.995     0.998     0.337     0.111         0
   149/299      4.5G     0.717     0.306         0      1.02        10       512     0.997     0.999     0.995     0.998     0.336     0.107         0
   150/299      4.5G     0.884     0.301         0      1.19         8       512     0.998     0.999     0.995     0.999     0.333     0.106         0
   151/299      4.5G     0.806     0.289         0      1.09         9       512     0.998     0.999     0.995     0.998     0.329     0.109         0
   152/299      4.5G     0.837     0.293         0      1.13        10       512     0.998     0.999     0.995     0.999     0.328     0.107         0
   153/299      4.5G      0.77     0.298         0      1.07         8       512     0.998     0.999     0.995     0.999     0.333     0.106         0
   154/299      4.5G     0.907     0.293         0       1.2         8       512     0.993     0.999     0.995     0.996      0.33      0.11         0
   155/299      4.5G     0.859     0.291         0      1.15         7       512     0.993     0.999     0.995     0.996     0.329     0.107         0
   156/299      4.5G     0.631     0.284         0     0.915        10       512     0.995     0.999     0.995     0.997     0.325     0.105         0
   157/299      4.5G     0.595      0.29         0     0.886        10       512     0.997     0.999     0.995     0.998     0.323     0.106         0
   158/299      4.5G     0.577     0.295         0     0.872         8       512     0.995     0.999     0.995     0.997     0.323     0.107         0
   159/299      4.5G     0.618     0.307         0     0.924        10       512     0.997         1     0.995     0.998     0.327     0.105         0
   160/299      4.5G     0.706     0.282         0     0.988         9       512     0.996         1     0.995     0.998     0.325     0.104         0
   161/299      4.5G     0.927      0.28         0      1.21         9       512     0.997     0.999     0.995     0.998     0.317     0.101         0
   162/299      4.5G     0.757     0.276         0      1.03        10       512     0.997     0.999     0.995     0.998     0.322    0.0996         0
   163/299      4.5G     0.691     0.306         0     0.997        11       512     0.995     0.999     0.995     0.997     0.319     0.102         0
   164/299      4.5G     0.736     0.286         0      1.02         8       512     0.997     0.999     0.995     0.998     0.318     0.108         0
   165/299      4.5G     0.822     0.299         0      1.12        12       512     0.997     0.999     0.995     0.998     0.318     0.106         0
   166/299      4.5G     0.813      0.29         0       1.1        10       512     0.997     0.999     0.995     0.998     0.313     0.099         0
   167/299      4.5G     0.809     0.276         0      1.09         8       512     0.997     0.999     0.995     0.998     0.315     0.101         0
   168/299      4.5G     0.613     0.272         0     0.885         8       512     0.997         1     0.995     0.999     0.307    0.0953         0
   169/299      4.5G     0.663      0.27         0     0.933        10       512     0.999     0.999     0.995     0.999      0.31     0.096         0
   170/299      4.5G     0.803     0.256         0      1.06         6       512         1         1     0.995         1     0.313    0.0982         0
   171/299      4.5G     0.757     0.281         0      1.04         8       512     0.998     0.999     0.995     0.998     0.312     0.098         0
   172/299      4.5G     0.636     0.276         0     0.912        12       512     0.998     0.999     0.995     0.998     0.312       0.1         0
   173/299      4.5G     0.568     0.268         0     0.836        10       512     0.999     0.999     0.995     0.999      0.31    0.0981         0
   174/299      4.5G     0.723     0.274         0     0.997         9       512     0.998     0.999     0.995     0.998     0.306    0.0977         0
   175/299      4.5G     0.715     0.257         0     0.972         8       512     0.998     0.999     0.995     0.999     0.302    0.0956         0
   176/299      4.5G     0.953     0.254         0      1.21         6       512     0.998     0.999     0.995     0.998     0.302    0.0954         0
   177/299      4.5G     0.678     0.277         0     0.955        11       512     0.999     0.999     0.995     0.999     0.304    0.0912         0
   178/299      4.5G     0.783     0.282         0      1.07         7       512     0.999     0.999     0.995     0.999     0.304    0.0916         0
   179/299      4.5G     0.665     0.285         0      0.95        10       512     0.999     0.999     0.995     0.999     0.298    0.0909         0
   180/299      4.5G     0.579     0.271         0      0.85         8       512     0.998     0.999     0.995     0.999     0.299    0.0919         0
   181/299      4.5G     0.816     0.266         0      1.08         8       512     0.995     0.999     0.995     0.997     0.299    0.0897         0
   182/299      4.5G     0.744     0.253         0     0.997         8       512     0.997     0.999     0.995     0.998     0.299    0.0918         0
   183/299      4.5G     0.868     0.249         0      1.12         7       512     0.998     0.999     0.995     0.998     0.299    0.0888         0
   184/299      4.5G     0.749     0.257         0      1.01        11       512     0.999     0.999     0.995     0.999     0.299    0.0903         0
   185/299      4.5G     0.683     0.261         0     0.943        10       512     0.999     0.999     0.995     0.999     0.298    0.0884         0
   186/299      4.5G     0.698     0.249         0     0.947        10       512     0.998     0.999     0.995     0.999     0.296     0.091         0
   187/299      4.5G     0.674     0.254         0     0.928         6       512     0.998     0.999     0.995     0.999     0.298    0.0914         0
   188/299      4.5G      0.69     0.243         0     0.933         8       512     0.999     0.999     0.995     0.999     0.299     0.092         0
   189/299      4.5G     0.632      0.25         0     0.882         8       512     0.999     0.999     0.995     0.999     0.301    0.0882         0
   190/299      4.5G     0.583     0.259         0     0.842         9       512     0.999     0.999     0.995     0.999     0.295    0.0865         0
   191/299      4.5G      0.64     0.254         0     0.894        11       512     0.999     0.999     0.995     0.999     0.293    0.0876         0
   192/299      4.5G     0.806     0.239         0      1.05         9       512     0.999     0.999     0.995     0.999     0.291    0.0891         0
   193/299      4.5G     0.706     0.255         0      0.96        10       512     0.999     0.999     0.995     0.999     0.292    0.0903         0
   194/299      4.5G     0.729     0.244         0     0.973         6       512     0.999     0.999     0.995     0.999     0.292    0.0932         0
   195/299      4.5G      0.71     0.249         0     0.959         8       512     0.999     0.999     0.995     0.999     0.292    0.0896         0
   196/299      4.5G     0.672     0.247         0     0.918        10       512     0.999     0.999     0.995     0.999     0.291    0.0912         0
   197/299      4.5G      0.57     0.238         0     0.808        12       512     0.999     0.999     0.995     0.999     0.291    0.0888         0
   198/299      4.5G     0.706     0.249         0     0.954         9       512     0.999     0.999     0.995     0.999      0.29    0.0854         0
   199/299      4.5G     0.612     0.237         0     0.848        11       512     0.999     0.999     0.995     0.999     0.288    0.0856         0
   200/299      4.5G     0.711     0.251         0     0.961         8       512         1         1     0.995         1      0.29    0.0871         0
   201/299      4.5G     0.676     0.245         0     0.921        10       512     0.997         1     0.995     0.998     0.287    0.0877         0
   202/299      4.5G     0.529     0.238         0     0.766         9       512     0.998     0.999     0.995     0.999     0.284    0.0863         0
   203/299      4.5G     0.647     0.236         0     0.883         7       512     0.998     0.999     0.995     0.998     0.282    0.0845         0
   204/299      4.5G     0.666     0.235         0     0.901         9       512     0.997     0.999     0.995     0.998     0.281    0.0841         0
   205/299      4.5G     0.695     0.235         0      0.93        10       512     0.998     0.999     0.995     0.999     0.283    0.0842         0
   206/299      4.5G     0.636     0.232         0     0.868         7       512     0.998     0.999     0.995     0.999     0.283    0.0825         0
   207/299      4.5G     0.699     0.237         0     0.936         9       512     0.997     0.999     0.995     0.998     0.281    0.0831         0
   208/299      4.5G     0.603     0.229         0     0.832        11       512     0.997         1     0.995     0.999     0.283    0.0828         0
   209/299      4.5G     0.661     0.221         0     0.882         8       512     0.997         1     0.995     0.998     0.282    0.0829         0
   210/299      4.5G     0.579     0.233         0     0.812         7       512     0.997         1     0.995     0.998     0.281    0.0845         0
   211/299      4.5G     0.692     0.222         0     0.914        12       512     0.996         1     0.995     0.998     0.281    0.0831         0
   212/299      4.5G     0.649     0.226         0     0.875        10       512     0.996         1     0.995     0.998      0.28    0.0828         0
   213/299      4.5G     0.627     0.225         0     0.851         8       512     0.997         1     0.995     0.998     0.277    0.0791         0
   214/299      4.5G      0.71     0.222         0     0.932        11       512     0.998         1     0.995     0.999     0.276    0.0787         0
   215/299      4.5G     0.696     0.224         0      0.92        10       512     0.998         1     0.995     0.999     0.277    0.0799         0
   216/299      4.5G     0.685     0.226         0     0.911        10       512     0.998         1     0.995     0.999     0.277    0.0806         0
   217/299      4.5G     0.613     0.223         0     0.836         9       512     0.997         1     0.995     0.999     0.276    0.0813         0
   218/299      4.5G     0.574     0.229         0     0.803         8       512     0.997         1     0.995     0.998     0.275    0.0801         0
   219/299      4.5G     0.627     0.214         0     0.841        10       512     0.998         1     0.995     0.999     0.274    0.0795         0
   220/299      4.5G     0.633     0.227         0      0.86        10       512     0.998     0.999     0.995     0.999     0.274    0.0793         0
   221/299      4.5G     0.666     0.236         0     0.902        10       512     0.998     0.999     0.995     0.999     0.273    0.0779         0
   222/299      4.5G      0.62     0.214         0     0.834         9       512     0.998     0.999     0.995     0.999     0.271    0.0777         0
   223/299      4.5G     0.487     0.222         0     0.709        13       512     0.999     0.999     0.995     0.999     0.271    0.0779         0
   224/299      4.5G      0.72     0.214         0     0.935        12       512     0.999     0.999     0.995     0.999     0.271    0.0766         0
   225/299      4.5G     0.582     0.209         0     0.791        11       512     0.997     0.999     0.995     0.998     0.271    0.0765         0
   226/299      4.5G     0.619     0.211         0      0.83         9       512     0.997     0.999     0.995     0.998      0.27    0.0756         0
   227/299      4.5G     0.472     0.223         0     0.695         9       512     0.997     0.999     0.995     0.998     0.268    0.0757         0
   228/299      4.5G     0.544     0.213         0     0.756        10       512     0.997     0.999     0.995     0.998     0.267    0.0765         0
   229/299      4.5G     0.595      0.21         0     0.805        11       512     0.997         1     0.995     0.999     0.266    0.0761         0
   230/299      4.5G     0.553     0.209         0     0.762         8       512     0.997         1     0.995     0.999     0.264    0.0783         0
   231/299      4.5G     0.587     0.212         0     0.798        10       512     0.997         1     0.995     0.999     0.264    0.0787         0
   232/299      4.5G     0.606     0.216         0     0.823        10       512     0.998         1     0.995     0.999     0.263    0.0775         0
   233/299      4.5G     0.649     0.202         0     0.851         9       512     0.998         1     0.995     0.999     0.264    0.0773         0
   234/299      4.5G     0.543     0.207         0     0.751         7       512     0.998     0.999     0.995     0.999     0.265    0.0769         0
   235/299      4.5G     0.641     0.213         0     0.854        12       512     0.999     0.999     0.995     0.999     0.264    0.0757         0
   236/299      4.5G     0.567     0.204         0     0.771         5       512     0.999     0.999     0.995     0.999     0.265    0.0758         0
   237/299      4.5G     0.582     0.202         0     0.784        11       512     0.999     0.999     0.995     0.999     0.265    0.0762         0
   238/299      4.5G      0.61     0.205         0     0.815        13       512         1     0.999     0.995         1     0.264    0.0765         0
   239/299      4.5G     0.586      0.21         0     0.795         6       512         1         1     0.995         1     0.263    0.0768         0
   240/299      4.5G     0.568     0.199         0     0.767         8       512         1         1     0.995         1     0.263    0.0762         0
   241/299      4.5G     0.559     0.192         0     0.751        11       512         1         1     0.995         1     0.262     0.076         0
   242/299      4.5G     0.601     0.196         0     0.797         8       512         1         1     0.995         1     0.262    0.0757         0
   243/299      4.5G     0.666     0.195         0     0.861        12       512     0.999     0.999     0.995     0.999      0.26    0.0753         0
   244/299      4.5G      0.43     0.197         0     0.627         7       512     0.999     0.999     0.995     0.999      0.26    0.0746         0
   245/299      4.5G     0.457     0.195         0     0.652         8       512     0.999     0.999     0.995     0.999      0.26    0.0742         0
   246/299      4.5G     0.588     0.185         0     0.772         8       512         1         1     0.995         1      0.26    0.0736         0
   247/299      4.5G      0.49     0.185         0     0.675        10       512         1         1     0.995         1     0.259    0.0729         0
   248/299      4.5G     0.551     0.202         0     0.752         9       512         1         1     0.995         1     0.258    0.0719         0
   249/299      4.5G     0.543     0.204         0     0.747         9       512         1         1     0.995         1     0.258    0.0712         0
   250/299      4.5G     0.514     0.191         0     0.705         9       512         1         1     0.995         1     0.257    0.0708         0
   251/299      4.5G     0.563       0.2         0     0.764         9       512         1         1     0.995         1     0.257    0.0703         0
   252/299      4.5G     0.676     0.188         0     0.864         8       512         1         1     0.995         1     0.257    0.0702         0
   253/299      4.5G     0.559     0.198         0     0.757        10       512     0.999     0.999     0.995     0.999     0.257    0.0695         0
   254/299      4.5G      0.66     0.189         0     0.849         9       512     0.999     0.999     0.995     0.999     0.256    0.0695         0
   255/299      4.5G     0.492     0.188         0      0.68         8       512     0.999     0.999     0.995     0.999     0.255    0.0698         0
   256/299      4.5G     0.617     0.199         0     0.816        11       512     0.999     0.999     0.995     0.999     0.254    0.0696         0
   257/299      4.5G     0.558     0.195         0     0.753         7       512     0.999     0.999     0.995     0.999     0.253    0.0694         0
   258/299      4.5G     0.383      0.18         0     0.563        10       512         1     0.999     0.995     0.999     0.253    0.0693         0
   259/299      4.5G     0.597     0.203         0       0.8         9       512         1     0.999     0.995         1     0.253    0.0696         0
   260/299      4.5G     0.558     0.182         0     0.739        10       512         1     0.999     0.995         1     0.253    0.0688         0
   261/299      4.5G     0.705     0.197         0     0.902        10       512         1     0.999     0.995         1     0.253    0.0683         0
   262/299      4.5G      0.61     0.185         0     0.795         8       512         1     0.999     0.995         1     0.253    0.0685         0
   263/299      4.5G     0.558     0.191         0      0.75         8       512         1     0.999     0.995         1     0.253    0.0683         0
   264/299      4.5G     0.596     0.192         0     0.788         7       512         1     0.999     0.995         1     0.253    0.0677         0
   265/299      4.5G     0.601      0.18         0     0.781        10       512     0.999     0.999     0.995     0.999     0.253     0.067         0
   266/299      4.5G     0.496     0.177         0     0.672        14       512     0.999     0.999     0.995     0.999     0.252     0.067         0
   267/299      4.5G     0.615     0.178         0     0.792        12       512         1     0.999     0.995         1     0.251    0.0665         0
   268/299      4.5G     0.725     0.183         0     0.907        11       512         1     0.999     0.995         1     0.251    0.0659         0
   269/299      4.5G     0.497     0.178         0     0.675         7       512         1     0.999     0.995         1     0.252    0.0662         0
   270/299      4.5G     0.643     0.178         0     0.821        10       512         1     0.999     0.995         1     0.251    0.0663         0
   271/299      4.5G     0.625     0.188         0     0.813        10       512         1     0.999     0.995         1     0.251    0.0664         0
   272/299      4.5G     0.834     0.173         0      1.01         9       512         1     0.999     0.995         1     0.251    0.0664         0
   273/299      4.5G     0.539     0.177         0     0.716         7       512     0.999     0.999     0.995     0.999     0.251    0.0669         0
   274/299      4.5G      0.32      0.17         0      0.49         6       512     0.999     0.999     0.995     0.999     0.251    0.0669         0
   275/299      4.5G     0.615     0.179         0     0.794         9       512     0.999     0.999     0.995     0.999     0.251    0.0669         0
   276/299      4.5G     0.482     0.174         0     0.656         7       512     0.999     0.999     0.995     0.999      0.25    0.0671         0
   277/299      4.5G     0.696     0.177         0     0.873         8       512     0.999     0.999     0.995     0.999      0.25     0.067         0
   278/299      4.5G     0.609      0.18         0     0.789         8       512     0.999     0.999     0.995     0.999      0.25    0.0671         0
   279/299      4.5G     0.538     0.176         0     0.714        10       512     0.999     0.999     0.995     0.999     0.249    0.0671         0
   280/299      4.5G     0.494     0.172         0     0.667         7       512     0.999     0.999     0.995     0.999      0.25    0.0669         0
   281/299      4.5G     0.541     0.181         0     0.722         8       512     0.999     0.999     0.995     0.999     0.249    0.0667         0
   282/299      4.5G     0.625     0.181         0     0.806        13       512     0.999     0.999     0.995     0.999     0.249    0.0664         0
   283/299      4.5G     0.559     0.168         0     0.727         7       512     0.999     0.999     0.995     0.999     0.248    0.0661         0
   284/299      4.5G     0.467     0.176         0     0.643        10       512     0.999     0.999     0.995     0.999     0.248    0.0659         0
   285/299      4.5G     0.664     0.175         0     0.839         9       512     0.999     0.999     0.995     0.999     0.248    0.0656         0
   286/299      4.5G     0.511      0.18         0     0.691         8       512     0.999     0.999     0.995     0.999     0.247    0.0653         0
   287/299      4.5G      0.61     0.164         0     0.775         9       512     0.999     0.999     0.995     0.999     0.247    0.0653         0
   288/299      4.5G     0.703     0.168         0     0.871         8       512         1     0.999     0.995         1     0.246    0.0654         0
   289/299      4.5G     0.533      0.17         0     0.703         8       512         1     0.999     0.995         1     0.246    0.0653         0
   290/299      4.5G     0.627     0.169         0     0.797         7       512         1     0.999     0.995         1     0.246    0.0651         0
   291/299      4.5G     0.684     0.176         0      0.86         9       512         1     0.999     0.995         1     0.246    0.0648         0
   292/299      4.5G     0.587     0.173         0      0.76        11       512         1         1     0.995         1     0.246    0.0647         0
   293/299      4.5G     0.612     0.184         0     0.795         9       512         1         1     0.995         1     0.246    0.0646         0
   294/299      4.5G     0.633     0.172         0     0.805        10       512         1         1     0.995         1     0.246    0.0645         0
   295/299      4.5G     0.701      0.17         0     0.871         9       512         1         1     0.995         1     0.245    0.0646         0
   296/299      4.5G     0.559     0.178         0     0.736        11       512         1         1     0.995         1     0.245    0.0646         0
   297/299      4.5G     0.532     0.166         0     0.698         5       512         1         1     0.995         1     0.244    0.0646         0
   298/299      4.5G      0.65     0.166         0     0.816         8       512         1     0.999     0.995     0.999     0.244    0.0644         0
   299/299      4.5G     0.435     0.175         0      0.61        12       512         1     0.999     0.995     0.999     0.244    0.0642         0
